62 61 61 61 61 61 61 61 61 62 62
62 61 61 61 61 61 61 61 61 61 62
62 61 61 61 61 61 61 61 61 61 62
62 61 61 61 61 61 61 61 61 61 62
61 61 61 61 61 61 61 61 61 61 61
61 61 61 61 61 61 61 61 61 61 61
61 61 61 61 61 61 61 61 61 61 61
61 61 61 61 61 61 61 61 61 61 61
61 61 61 61 61 61 61 61 61 61 61
61 61 61 61 61 61 61 61 61 61 61
61 61 61 61 61 61 61 61 61 61 61
61 61 61 61 61 61 61 61 61 61 61
61 61 61 61 61 61 61 61 61 61 61
61 61 61 61 61 61 61 61 61 61 61
61 61 61 61 61 61 61 61 61 61 61
61 61 61 61 61 61 61 61 61 61 61
61 61 61 61 61 61 61 61 61 61 62
61 61 61 61 61 61 61 61 61 62 62
61 61 61 61 61 61 61 61 61 62 62
