62 62 62 62 62 62 62 62 62 62 62 62 62 62 62 62 62 62 62 62 62 62 62 62 62 62 62 63 63 63 63
62 62 62 62 62 62 62 62 62 62 62 62 62 62 62 62 62 62 62 62 62 62 62 62 62 62 62 62 62 62 62
62 62 62 62 62 62 62 62 62 62 62 62 62 62 62 62 62 62 62 62 62 62 62 62 62 62 62 62 62 62 62
62 62 62 62 62 62 62 62 62 62 62 62 62 62 62 62 62 62 62 62 62 62 62 62 62 62 62 62 62 63 63
62 62 62 62 62 62 62 62 62 62 62 62 62 62 62 62 62 62 62 62 62 62 62 62 62 62 62 62 63 63 63
62 62 62 62 62 62 62 62 62 62 62 62 62 62 62 62 62 62 62 62 62 62 62 62 62 62 62 63 63 62 62
62 62 62 62 62 62 62 62 62 62 62 62 62 62 62 62 62 62 62 62 62 62 62 62 62 62 62 63 63 62 62
62 62 62 62 62 62 63 63 63 62 62 62 62 62 62 62 62 62 62 62 62 62 62 62 62 63 63 63 63 62 62
62 62 62 62 62 63 63 63 63 63 62 62 62 62 62 62 62 62 62 62 62 62 62 62 63 63 63 63 63 63 62
62 62 62 62 62 62 62 62 63 63 63 62 62 62 62 62 62 62 62 62 62 62 62 62 62 62 62 62 63 63 63
62 62 62 62 62 62 62 62 62 63 63 63 62 62 62 62 62 62 62 62 62 62 63 62 62 62 62 62 62 62 63
62 62 63 63 62 63 62 62 63 63 63 63 62 63 63 62 62 62 62 62 62 63 63 62 63 62 62 63 63 62 63
62 62 63 63 63 63 63 63 63 62 62 62 62 62 63 63 63 63 63 63 63 63 62 62 63 62 62 63 63 62 62
62 62 63 63 62 63 63 63 63 63 63 62 62 62 63 63 63 63 63 63 63 63 62 62 63 62 62 62 62 62 62
62 62 63 63 62 62 62 62 63 63 63 63 63 63 63 63 63 62 62 63 62 63 62 62 63 63 62 62 62 62 62
62 63 63 63 63 63 62 62 62 62 63 63 63 63 62 62 62 62 62 62 62 62 62 62 62 63 63 63 63 62 62
62 63 63 63 63 62 62 62 62 62 63 62 62 62 62 62 62 63 63 63 62 63 63 62 63 63 63 63 63 63 62
64 62 62 63 62 62 63 63 62 62 63 62 62 62 62 62 62 62 62 62 63 63 63 63 63 63 63 63 63 63 62
64 64 62 63 62 63 63 63 63 63 63 62 62 63 63 63 62 62 62 62 63 63 63 63 62 62 62 62 63 63 63
64 64 64 63 63 63 63 62 63 63 63 63 63 63 63 63 63 63 63 62 62 63 63 62 62 62 62 63 63 63 62
65 64 64 64 63 63 63 62 62 62 63 63 63 63 62 62 62 62 62 62 63 63 62 62 62 62 63 63 63 62 62
65 64 64 64 64 62 62 62 62 62 62 63 63 63 62 62 62 62 62 62 63 63 63 62 62 62 63 63 62 62 62
66 65 64 64 64 64 64 62 63 62 62 63 63 63 62 62 62 62 62 62 62 63 63 63 62 62 62 62 62 62 62
67 66 64 64 64 64 64 62 63 63 63 63 62 62 62 62 63 63 63 62 63 63 63 62 62 63 63 63 63 63 63
67 67 66 65 64 64 64 64 64 63 62 62 63 63 63 62 62 62 62 62 63 63 63 62 62 63 63 63 63 62 62
68 67 67 66 66 64 64 64 64 64 62 62 63 63 63 63 62 62 62 63 62 62 62 62 62 62 63 63 62 62 62
68 68 68 67 67 66 65 64 64 64 64 62 63 63 63 63 62 62 62 63 63 62 62 62 62 62 62 62 62 62 62
69 69 68 68 68 67 66 65 64 64 64 62 62 63 63 62 62 62 62 62 63 62 62 62 62 62 62 62 62 62 62
69 69 69 68 68 65 65 64 64 64 64 62 63 63 63 62 63 63 62 62 63 62 62 62 62 62 62 62 62 62 62
69 69 69 69 65 65 65 64 64 64 63 63 63 63 63 62 63 63 62 62 62 62 62 62 62 62 62 62 62 62 62
70 69 69 69 69 65 65 64 62 62 63 63 62 62 62 62 62 63 62 63 62 62 62 62 62 62 62 62 62 62 62
70 70 69 69 69 65 65 64 63 62 62 62 62 62 62 63 63 62 62 63 62 62 62 62 62 62 62 62 62 62 62
70 70 70 69 69 68 65 64 63 62 62 62 62 62 63 63 63 62 62 63 62 62 62 62 62 62 62 62 62 62 62
70 70 70 69 69 68 65 64 63 63 62 62 62 62 63 63 62 62 63 62 62 62 62 62 62 62 62 62 62 62 62
71 70 70 69 69 68 64 64 63 63 63 63 62 62 63 62 62 62 62 62 62 62 62 62 62 62 62 62 62 62 62
71 70 70 70 69 68 64 64 62 63 63 63 63 62 62 63 62 62 62 62 62 62 62 62 62 62 62 62 62 62 62
71 70 70 69 68 66 64 64 62 62 63 63 63 62 62 62 62 62 62 62 62 62 62 62 62 62 62 62 62 62 62
